{
  "frames" : [
    {
      "imageFile" : "images\/frame_0000.jpg",
      "index" : 0,
      "timestamp" : 0.16107624932192266,
      "transform" : [
        1,
        0,
        0,
        0,
        0,
        1,
        0,
        0,
        0,
        0,
        1,
        0,
        0,
        0,
        0,
        1
      ]
    },
    {
      "imageFile" : "images\/frame_0001.jpg",
      "index" : 1,
      "timestamp" : 0.66115983331110328,
      "transform" : [
        0.99951547384262085,
        0.026797113940119743,
        -0.015835771337151527,
        0,
        -0.031119769439101219,
        0.84975844621658325,
        -0.5262531042098999,
        0,
        -0.00064548419322818518,
        0.52649092674255371,
        0.85018062591552734,
        0,
        0,
        0,
        0,
        1
      ]
    },
    {
      "imageFile" : "images\/frame_0002.jpg",
      "index" : 2,
      "timestamp" : 1.1612435833085328,
      "transform" : [
        0.99978309869766235,
        0.019372763112187386,
        -0.0076469364576041698,
        0,
        -0.020402496680617332,
        0.83720260858535767,
        -0.54651206731796265,
        0,
        -0.0041854158043861389,
        0.54654961824417114,
        0.83741623163223267,
        0,
        0,
        0,
        0,
        1
      ]
    },
    {
      "imageFile" : "images\/frame_0003.jpg",
      "index" : 3,
      "timestamp" : 1.6613272083050106,
      "transform" : [
        0.99892199039459229,
        0.046282965689897537,
        -0.0035668038763105869,
        0,
        -0.041214838624000549,
        0.84893190860748291,
        -0.52689278125762939,
        0,
        -0.021358184516429901,
        0.52647179365158081,
        0.84992432594299316,
        0,
        -0.000013095410395,
        0.0022429195232689381,
        0.0027035784441977739,
        0.99999994039535522
      ]
    },
    {
      "imageFile" : "images\/frame_0004.jpg",
      "index" : 4,
      "timestamp" : 2.1614107493078336,
      "transform" : [
        0.99856388568878174,
        0.051497310400009155,
        -0.014776046387851238,
        0,
        -0.052069157361984253,
        0.86791801452636719,
        -0.49397101998329163,
        0,
        -0.012613777071237564,
        0.49403095245361328,
        0.86935299634933472,
        0,
        -0.0033257454633712769,
        0.0086253881454467773,
        0.0081449486315250397,
        1
      ]
    },
    {
      "imageFile" : "images\/frame_0005.jpg",
      "index" : 5,
      "timestamp" : 2.6614942082960624,
      "transform" : [
        0.99877423048019409,
        0.041258245706558228,
        -0.027349099516868591,
        0,
        -0.049266308546066284,
        0.88214510679244995,
        -0.46839383244514465,
        0,
        0.0048007713630795479,
        0.46916702389717102,
        0.88309639692306519,
        0,
        -0.0067992480471730232,
        0.014254022389650345,
        0.011536569334566593,
        0.99999994039535522
      ]
    },
    {
      "imageFile" : "images\/frame_0006.jpg",
      "index" : 6,
      "timestamp" : 3.1615777083206922,
      "transform" : [
        0.99883902072906494,
        0.042727924883365631,
        -0.022251378744840622,
        0,
        -0.048122227191925049,
        0.9064905047416687,
        -0.41947492957115173,
        0,
        0.0022473628632724285,
        0.42005866765975952,
        0.9074941873550415,
        0,
        -0.0096475910395383835,
        0.022726945579051971,
        0.016439184546470642,
        1.0000001192092896
      ]
    },
    {
      "imageFile" : "images\/frame_0007.jpg",
      "index" : 7,
      "timestamp" : 3.6616612493235152,
      "transform" : [
        0.99907118082046509,
        0.040005642920732498,
        0.016009088605642319,
        0,
        -0.031121661886572838,
        0.92688971757888794,
        -0.374041348695755,
        0,
        -0.029802421107888222,
        0.37319570779800415,
        0.92727386951446533,
        0,
        -0.011417418718338013,
        0.035621598362922668,
        0.021349042654037476,
        1
      ]
    },
    {
      "imageFile" : "images\/frame_0008.jpg",
      "index" : 8,
      "timestamp" : 4.1617447493190411,
      "transform" : [
        0.99907511472702026,
        0.032880410552024841,
        0.027708183974027634,
        0,
        -0.021830093115568161,
        0.94304388761520386,
        -0.33195123076438904,
        0,
        -0.037044733762741089,
        0.33103933930397034,
        0.9428895115852356,
        0,
        -0.013920919969677925,
        0.056253932416439056,
        0.030874244868755341,
        0.99999988079071045
      ]
    },
    {
      "imageFile" : "images\/frame_0009.jpg",
      "index" : 9,
      "timestamp" : 4.6618283333082218,
      "transform" : [
        0.99876374006271362,
        0.032622065395116806,
        0.037509515881538391,
        0,
        -0.020553020760416985,
        0.95802873373031616,
        -0.28593456745147705,
        0,
        -0.045262962579727173,
        0.28481012582778931,
        0.95751476287841797,
        0,
        -0.01502128504216671,
        0.059787467122077942,
        0.03356102854013443,
        1.0000001192092896
      ]
    },
    {
      "imageFile" : "images\/frame_0010.jpg",
      "index" : 10,
      "timestamp" : 5.1619119163078722,
      "transform" : [
        0.99879980087280273,
        0.030450537800788879,
        0.038363561034202576,
        0,
        -0.01981157623231411,
        0.96748936176300049,
        -0.25213447213172913,
        0,
        -0.044793970882892609,
        0.25107178092002869,
        0.96693146228790283,
        0,
        -0.016229651868343353,
        0.073000036180019379,
        0.040528647601604462,
        1
      ]
    },
    {
      "imageFile" : "images\/frame_0011.jpg",
      "index" : 11,
      "timestamp" : 5.6619954993075226,
      "transform" : [
        0.99860996007919312,
        0.03001309372484684,
        0.043328370898962021,
        0,
        -0.020067032426595688,
        0.97662651538848877,
        -0.21400405466556549,
        0,
        -0.048738572746515274,
        0.21283711493015289,
        0.97587126493453979,
        0,
        -0.017344526946544647,
        0.077141083776950836,
        0.042342260479927063,
        1
      ]
    },
    {
      "imageFile" : "images\/frame_0012.jpg",
      "index" : 12,
      "timestamp" : 6.1620791663008276,
      "transform" : [
        0.99862593412399292,
        0.027912894263863564,
        0.044353906065225601,
        0,
        -0.019487615674734116,
        0.98344743251800537,
        -0.18014262616634369,
        0,
        -0.048648033291101456,
        0.17903073132038116,
        0.98264002799987793,
        0,
        -0.01809159480035305,
        0.087125033140182495,
        0.048338558524847031,
        1.0000001192092896
      ]
    },
    {
      "imageFile" : "images\/frame_0013.jpg",
      "index" : 13,
      "timestamp" : 6.662162749300478,
      "transform" : [
        0.99867606163024902,
        0.037467557936906815,
        0.035246189683675766,
        0,
        -0.031556893140077591,
        0.98734301328659058,
        -0.15542742609977722,
        0,
        -0.040623586624860764,
        0.15410938858985901,
        0.98721820116043091,
        0,
        -0.022563129663467407,
        0.096060894429683685,
        0.053968276828527451,
        1
      ]
    },
    {
      "imageFile" : "images\/frame_0014.jpg",
      "index" : 14,
      "timestamp" : 7.1622463333187625,
      "transform" : [
        0.99849569797515869,
        0.050158273428678513,
        0.022144204005599022,
        0,
        -0.047469504177570343,
        0.99294430017471313,
        -0.10866435617208481,
        0,
        -0.027438385412096977,
        0.1074497252702713,
        0.99383175373077393,
        0,
        -0.031750932335853577,
        0.10569634288549423,
        0.062101013958454132,
        1
      ]
    },
    {
      "imageFile" : "images\/frame_0015.jpg",
      "index" : 15,
      "timestamp" : 7.6623300413193647,
      "transform" : [
        0.99857908487319946,
        0.053111914545297623,
        -0.0043499898165464401,
        0,
        -0.053284082561731339,
        0.99633163213729858,
        -0.06696329265832901,
        0,
        0.00077747943578287959,
        0.067099928855895996,
        0.99774599075317383,
        0,
        -0.043065056204795837,
        0.11209893971681595,
        0.068026363849639893,
        1
      ]
    },
    {
      "imageFile" : "images\/frame_0016.jpg",
      "index" : 16,
      "timestamp" : 8.162413583311718,
      "transform" : [
        0.99823391437530518,
        0.048388775438070297,
        -0.034462559968233109,
        0,
        -0.050033319741487503,
        0.9975656270980835,
        -0.048573695123195648,
        0,
        0.03202824667096138,
        0.050212185829877853,
        0.99822491407394409,
        0,
        -0.049612753093242645,
        0.11368662863969803,
        0.069835476577281952,
        1
      ]
    },
    {
      "imageFile" : "images\/frame_0017.jpg",
      "index" : 17,
      "timestamp" : 8.6624972913123202,
      "transform" : [
        0.99489516019821167,
        0.042321156710386276,
        -0.09161018580198288,
        0,
        -0.044805042445659637,
        0.99867713451385498,
        -0.02522805891931057,
        0,
        0.090421326458454132,
        0.029203873127698898,
        0.99547535181045532,
        0,
        -0.059880319982767105,
        0.11467444896697998,
        0.075752221047878265,
        0.99999988079071045
      ]
    },
    {
      "imageFile" : "images\/frame_0018.jpg",
      "index" : 18,
      "timestamp" : 9.1625808333046734,
      "transform" : [
        0.98703533411026001,
        0.037153143435716629,
        -0.15614375472068787,
        0,
        -0.039095941931009293,
        0.99919134378433228,
        -0.0093886340036988258,
        0,
        0.15566866099834442,
        0.015371499583125114,
        0.98768973350524902,
        0,
        -0.066181421279907227,
        0.1167663037776947,
        0.081617161631584167,
        0.99999994039535522
      ]
    },
    {
      "imageFile" : "images\/frame_0019.jpg",
      "index" : 19,
      "timestamp" : 9.6626647083030548,
      "transform" : [
        0.97167098522186279,
        0.04150044173002243,
        -0.2326655387878418,
        0,
        -0.042355261743068695,
        0.99910175800323486,
        0.0013228878378868103,
        0,
        0.23251146078109741,
        0.0085691977292299271,
        0.97255599498748779,
        0,
        -0.079606674611568451,
        0.11553273350000381,
        0.088668696582317352,
        1
      ]
    },
    {
      "imageFile" : "images\/frame_0020.jpg",
      "index" : 20,
      "timestamp" : 10.162748333299533,
      "transform" : [
        0.94800233840942383,
        0.03907833993434906,
        -0.31585514545440674,
        0,
        -0.042146891355514526,
        0.9991072416305542,
        -0.0028870641253888607,
        0,
        0.31546038389205933,
        0.016049256548285484,
        0.94880306720733643,
        0,
        -0.090088382363319397,
        0.11158114671707153,
        0.095292940735816956,
        0.99999994039535522
      ]
    },
    {
      "imageFile" : "images\/frame_0021.jpg",
      "index" : 21,
      "timestamp" : 10.662831999303307,
      "transform" : [
        0.92193210124969482,
        0.036438178271055222,
        -0.38563379645347595,
        0,
        -0.04143185168504715,
        0.9991304874420166,
        -0.0046439347788691521,
        0,
        0.38512933254241943,
        0.020258916541934013,
        0.92264020442962646,
        0,
        -0.099025599658489227,
        0.10842444747686386,
        0.10278787463903427,
        1
      ]
    },
    {
      "imageFile" : "images\/frame_0022.jpg",
      "index" : 22,
      "timestamp" : 11.162915666296612,
      "transform" : [
        0.89461779594421387,
        0.033348418772220612,
        -0.44558596611022949,
        0,
        -0.047400396317243576,
        0.99866712093353271,
        -0.020425392314791679,
        0,
        0.44431090354919434,
        0.039393872022628784,
        0.89500612020492554,
        0,
        -0.11007262766361237,
        0.104383185505867,
        0.1097489595413208,
        0.99999994039535522
      ]
    },
    {
      "imageFile" : "images\/frame_0023.jpg",
      "index" : 23,
      "timestamp" : 11.662999333319021,
      "transform" : [
        0.85760742425918579,
        0.036174178123474121,
        -0.513031005859375,
        0,
        -0.071615368127822876,
        0.99620461463928223,
        -0.049472607672214508,
        0,
        0.50929421186447144,
        0.079168975353240967,
        0.85694319009780884,
        0,
        -0.12753979861736298,
        0.095503002405166626,
        0.1162855476140976,
        0.99999988079071045
      ]
    },
    {
      "imageFile" : "images\/frame_0024.jpg",
      "index" : 24,
      "timestamp" : 12.163082916318672,
      "transform" : [
        0.83235305547714233,
        0.036551304161548615,
        -0.5530393123626709,
        0,
        -0.10300428420305252,
        0.99064135551452637,
        -0.089553661644458771,
        0,
        0.54459035396575928,
        0.13150566816329956,
        0.82832825183868408,
        0,
        -0.13935601711273193,
        0.08523222804069519,
        0.12297447025775909,
        1.0000001192092896
      ]
    },
    {
      "imageFile" : "images\/frame_0025.jpg",
      "index" : 25,
      "timestamp" : 12.663166624319274,
      "transform" : [
        0.81940329074859619,
        0.028108706697821617,
        -0.57252794504165649,
        0,
        -0.13717553019523621,
        0.97939121723175049,
        -0.14824193716049194,
        0,
        0.55656194686889648,
        0.20000673830509186,
        0.80637216567993164,
        0,
        -0.14899414777755737,
        0.069428779184818268,
        0.1220666840672493,
        1
      ]
    },
    {
      "imageFile" : "images\/frame_0026.jpg",
      "index" : 26,
      "timestamp" : 13.163250249315752,
      "transform" : [
        0.80069941282272339,
        0.012539349496364594,
        -0.59893512725830078,
        0,
        -0.17087709903717041,
        0.96302694082260132,
        -0.20827873051166534,
        0,
        0.57417899370193481,
        0.26911294460296631,
        0.77323776483535767,
        0,
        -0.16936616599559784,
        0.041294988244771957,
        0.11676614731550217,
        0.99999994039535522
      ]
    },
    {
      "imageFile" : "images\/frame_0027.jpg",
      "index" : 27,
      "timestamp" : 13.663333916309057,
      "transform" : [
        0.79313439130783081,
        0.0044014030136168003,
        -0.60903084278106689,
        0,
        -0.19767899811267853,
        0.94769692420959473,
        -0.25058636069297791,
        0,
        0.57607370615005493,
        0.31914123892784119,
        0.75252103805541992,
        0,
        -0.18404906988143921,
        0.018887121230363846,
        0.11882456392049789,
        0.99999994039535522
      ]
    },
    {
      "imageFile" : "images\/frame_0028.jpg",
      "index" : 28,
      "timestamp" : 14.163417624309659,
      "transform" : [
        0.77616757154464722,
        -0.0017801123904064298,
        -0.63052427768707275,
        0,
        -0.23326939344406128,
        0.9282335638999939,
        -0.28977230191230774,
        0,
        0.58578956127166748,
        0.37199383974075317,
        0.72004944086074829,
        0,
        -0.19391515851020813,
        0.0027412325143814087,
        0.12118248641490936,
        1
      ]
    },
    {
      "imageFile" : "images\/frame_0029.jpg",
      "index" : 29,
      "timestamp" : 14.663501249306137,
      "transform" : [
        0.75742548704147339,
        -0.010764027014374733,
        -0.65283298492431641,
        0,
        -0.25431773066520691,
        0.9160345196723938,
        -0.31016656756401062,
        0,
        0.60135596990585327,
        0.40095505118370056,
        0.69109034538269043,
        0,
        -0.20529884099960327,
        -0.013202160596847534,
        0.12674219906330109,
        0.99999994039535522
      ]
    },
    {
      "imageFile" : "images\/frame_0030.jpg",
      "index" : 30,
      "timestamp" : 15.163584833324421,
      "transform" : [
        0.72248959541320801,
        -0.0113771827891469,
        -0.6912882924079895,
        0,
        -0.27971681952476501,
        0.90957045555114746,
        -0.30731147527694702,
        0,
        0.63227158784866333,
        0.41539427638053894,
        0.65397268533706665,
        0,
        -0.21615110337734222,
        -0.023057032376527786,
        0.14302009344100952,
        1.0000001192092896
      ]
    },
    {
      "imageFile" : "images\/frame_0031.jpg",
      "index" : 31,
      "timestamp" : 15.66366854129592,
      "transform" : [
        0.67791366577148438,
        -0.012128171510994434,
        -0.73504137992858887,
        0,
        -0.30092740058898926,
        0.9076768159866333,
        -0.29251587390899658,
        0,
        0.67072772979736328,
        0.41949456930160522,
        0.61167681217193604,
        0,
        -0.22455653548240662,
        -0.030772626399993896,
        0.16412225365638733,
        0.99999994039535522
      ]
    },
    {
      "imageFile" : "images\/frame_0032.jpg",
      "index" : 32,
      "timestamp" : 16.163752208318328,
      "transform" : [
        0.6367756724357605,
        -0.016927111893892288,
        -0.77086329460144043,
        0,
        -0.33538725972175598,
        0.89414471387863159,
        -0.29668259620666504,
        0,
        0.69428533315658569,
        0.44745796918869019,
        0.56369251012802124,
        0,
        -0.23580622673034668,
        -0.045543447136878967,
        0.18084785342216492,
        1
      ]
    },
    {
      "imageFile" : "images\/frame_0033.jpg",
      "index" : 33,
      "timestamp" : 16.663835874322103,
      "transform" : [
        0.61310291290283203,
        -0.043514251708984375,
        -0.78880375623703003,
        0,
        -0.3425772488117218,
        0.88507390022277832,
        -0.31509542465209961,
        0,
        0.71186071634292603,
        0.46341210603713989,
        0.52773439884185791,
        0,
        -0.24772979319095612,
        -0.053243584930896759,
        0.19466491043567657,
        1.0000001192092896
      ]
    },
    {
      "imageFile" : "images\/frame_0034.jpg",
      "index" : 34,
      "timestamp" : 17.163919458311284,
      "transform" : [
        0.55133318901062012,
        -0.067373991012573242,
        -0.83156019449234009,
        0,
        -0.33804619312286377,
        0.89320462942123413,
        -0.29649671912193298,
        0,
        0.76272952556610107,
        0.44457420706748962,
        0.46967789530754089,
        0,
        -0.25487220287322998,
        -0.052303340286016464,
        0.21858386695384979,
        0.99999994039535522
      ]
    },
    {
      "imageFile" : "images\/frame_0035.jpg",
      "index" : 35,
      "timestamp" : 17.664003041310934,
      "transform" : [
        0.48226004838943481,
        -0.048972591757774353,
        -0.87465816736221313,
        0,
        -0.27329620718955994,
        0.94019484519958496,
        -0.20332929491996765,
        0,
        0.83230674266815186,
        0.33709833025932312,
        0.440034419298172,
        0,
        -0.25856730341911316,
        -0.03481626883149147,
        0.24750468134880066,
        0.99999994039535522
      ]
    },
    {
      "imageFile" : "images\/frame_0036.jpg",
      "index" : 36,
      "timestamp" : 18.164086833305191,
      "transform" : [
        0.43610915541648865,
        -0.040373366326093674,
        -0.89898765087127686,
        0,
        -0.18245063722133636,
        0.97427821159362793,
        -0.13226354122161865,
        0,
        0.88120406866073608,
        0.2217022180557251,
        0.4175255298614502,
        0,
        -0.24758240580558777,
        -0.0082242339849472046,
        0.26918664574623108,
        0.99999994039535522
      ]
    },
    {
      "imageFile" : "images\/frame_0037.jpg",
      "index" : 37,
      "timestamp" : 18.664170458301669,
      "transform" : [
        0.42679557204246521,
        -0.032220106571912766,
        -0.90377402305603027,
        0,
        -0.097622707486152649,
        0.99188387393951416,
        -0.081462346017360687,
        0,
        0.89906364679336548,
        0.12299662083387375,
        0.42018625140190125,
        0,
        -0.23129916191101074,
        0.018707651644945145,
        0.28493094444274902,
        0.99999994039535522
      ]
    },
    {
      "imageFile" : "images\/frame_0038.jpg",
      "index" : 38,
      "timestamp" : 19.164254041301319,
      "transform" : [
        0.43755581974983215,
        -0.015301482751965523,
        -0.89906108379364014,
        0,
        -0.016240404918789864,
        0.99955761432647705,
        -0.024915769696235657,
        0,
        0.89904457330703735,
        0.025503156706690788,
        0.43711376190185547,
        0,
        -0.2214052677154541,
        0.044275477528572083,
        0.29534751176834106,
        1
      ]
    },
    {
      "imageFile" : "images\/frame_0039.jpg",
      "index" : 39,
      "timestamp" : 19.664337708323728,
      "transform" : [
        0.46571999788284302,
        0.0049703898839652538,
        -0.88491815328598022,
        0,
        0.0406532883644104,
        0.99880826473236084,
        0.02700534276664257,
        0,
        0.88399791717529297,
        -0.048551760613918304,
        0.46496292948722839,
        0,
        -0.21384336054325104,
        0.070510610938072205,
        0.30452650785446167,
        1.0000001192092896
      ]
    },
    {
      "imageFile" : "images\/frame_0040.jpg",
      "index" : 40,
      "timestamp" : 20.164421333320206,
      "transform" : [
        0.50089234113693237,
        0.019383890554308891,
        -0.86529254913330078,
        0,
        0.07455742359161377,
        0.99506658315658569,
        0.065450109541416168,
        0,
        0.86229240894317627,
        -0.097297444939613342,
        0.49697598814964294,
        0,
        -0.21349146962165833,
        0.083447821438312531,
        0.31126293540000916,
        1
      ]
    },
    {
      "imageFile" : "images\/frame_0041.jpg",
      "index" : 41,
      "timestamp" : 20.664504958316684,
      "transform" : [
        0.52572500705718994,
        0.018826877698302269,
        -0.85044622421264648,
        0,
        0.1228635385632515,
        0.98759150505065918,
        0.097814157605171204,
        0,
        0.84173500537872314,
        -0.15591216087341309,
        0.51688838005065918,
        0,
        -0.20292192697525024,
        0.10126271098852158,
        0.31640610098838806,
        1
      ]
    },
    {
      "imageFile" : "images\/frame_0042.jpg",
      "index" : 42,
      "timestamp" : 21.164588583313162,
      "transform" : [
        0.54987829923629761,
        0.022601382806897163,
        -0.83493900299072266,
        0,
        0.16441477835178375,
        0.9771464467048645,
        0.1347319483757019,
        0,
        0.81890273094177246,
        -0.21136246621608734,
        0.53359556198120117,
        0,
        -0.1945321261882782,
        0.11124769598245621,
        0.31808486580848694,
        1
      ]
    },
    {
      "imageFile" : "images\/frame_0043.jpg",
      "index" : 43,
      "timestamp" : 21.664672249316936,
      "transform" : [
        0.57591503858566284,
        0.025092674419283867,
        -0.81712442636489868,
        0,
        0.20584215223789215,
        0.96287453174591064,
        0.17464745044708252,
        0,
        0.79117071628570557,
        -0.26878073811531067,
        0.54936873912811279,
        0,
        -0.18250137567520142,
        0.12368851155042648,
        0.32220929861068726,
        1
      ]
    },
    {
      "imageFile" : "images\/frame_0044.jpg",
      "index" : 44,
      "timestamp" : 22.164755916310241,
      "transform" : [
        0.61373019218444824,
        0.014227967709302902,
        -0.78938758373260498,
        0,
        0.23203997313976288,
        0.95242989063262939,
        0.1975722461938858,
        0,
        0.75464743375778198,
        -0.30442553758621216,
        0.58123350143432617,
        0,
        -0.17611420154571533,
        0.13586108386516571,
        0.316160649061203,
        0.99999994039535522
      ]
    },
    {
      "imageFile" : "images\/frame_0045.jpg",
      "index" : 45,
      "timestamp" : 22.664839499309892,
      "transform" : [
        0.65602612495422363,
        0.0082271071150898933,
        -0.75469338893890381,
        0,
        0.2662370502948761,
        0.93313783407211304,
        0.24160204827785492,
        0,
        0.70622062683105469,
        -0.35942459106445312,
        0.60997247695922852,
        0,
        -0.16780486702919006,
        0.14956331253051758,
        0.3146694004535675,
        0.99999994039535522
      ]
    },
    {
      "imageFile" : "images\/frame_0046.jpg",
      "index" : 46,
      "timestamp" : 23.164923208300024,
      "transform" : [
        0.669178307056427,
        0.0060006561689078808,
        -0.74307769536972046,
        0,
        0.29719755053520203,
        0.91434937715530396,
        0.27502486109733582,
        0,
        0.681083083152771,
        -0.40488150715827942,
        0.61007940769195557,
        0,
        -0.15298759937286377,
        0.15836626291275024,
        0.32306447625160217,
        1
      ]
    },
    {
      "imageFile" : "images\/frame_0047.jpg",
      "index" : 47,
      "timestamp" : 23.665006749302847,
      "transform" : [
        0.6993027925491333,
        -0.012266550213098526,
        -0.71472030878067017,
        0,
        0.33368730545043945,
        0.88982951641082764,
        0.31121724843978882,
        0,
        0.63216167688369751,
        -0.45612818002700806,
        0.62635350227355957,
        0,
        -0.14388179779052734,
        0.17218053340911865,
        0.32563671469688416,
        1
      ]
    },
    {
      "imageFile" : "images\/frame_0048.jpg",
      "index" : 48,
      "timestamp" : 24.165090458322084,
      "transform" : [
        0.72827440500259399,
        -0.015609370544552803,
        -0.68510788679122925,
        0,
        0.35372808575630188,
        0.86482292413711548,
        0.3563113808631897,
        0,
        0.58693528175354004,
        -0.50183427333831787,
        0.6353498101234436,
        0,
        -0.13452154397964478,
        0.18178600072860718,
        0.32911387085914612,
        1
      ]
    },
    {
      "imageFile" : "images\/frame_0049.jpg",
      "index" : 49,
      "timestamp" : 24.665174083318561,
      "transform" : [
        0.75985831022262573,
        -0.021775262430310249,
        -0.64972394704818726,
        0,
        0.35602229833602905,
        0.85017561912536621,
        0.38787814974784851,
        0,
        0.54393333196640015,
        -0.52604866027832031,
        0.65376549959182739,
        0,
        -0.12310373783111572,
        0.18908718228340149,
        0.32894241809844971,
        0.99999994039535522
      ]
    },
    {
      "imageFile" : "images\/frame_0050.jpg",
      "index" : 50,
      "timestamp" : 25.165257624321384,
      "transform" : [
        0.81036204099655151,
        -0.021331243216991425,
        -0.58554112911224365,
        0,
        0.33466047048568726,
        0.83714383840560913,
        0.43265759944915771,
        0,
        0.48095297813415527,
        -0.54656672477722168,
        0.68552827835083008,
        0,
        -0.11664990335702896,
        0.1950259804725647,
        0.3276652991771698,
        1
      ]
    },
    {
      "imageFile" : "images\/frame_0051.jpg",
      "index" : 51,
      "timestamp" : 25.665341333311517,
      "transform" : [
        0.86712843179702759,
        -0.022781707346439362,
        -0.49756339192390442,
        0,
        0.2987377941608429,
        0.82312047481536865,
        0.48293733596801758,
        0,
        0.39855247735977173,
        -0.56740963459014893,
        0.72055685520172119,
        0,
        -0.11156606674194336,
        0.20624867081642151,
        0.32166877388954163,
        0.99999988079071045
      ]
    },
    {
      "imageFile" : "images\/frame_0052.jpg",
      "index" : 52,
      "timestamp" : 26.165424958307995,
      "transform" : [
        0.90077954530715942,
        -0.035062957555055618,
        -0.43285885453224182,
        0,
        0.27483305335044861,
        0.81777065992355347,
        0.50568568706512451,
        0,
        0.33624842762947083,
        -0.57447522878646851,
        0.74626755714416504,
        0,
        -0.1010628417134285,
        0.21331095695495605,
        0.31658664345741272,
        1
      ]
    },
    {
      "imageFile" : "images\/frame_0053.jpg",
      "index" : 53,
      "timestamp" : 26.665508708305424,
      "transform" : [
        0.94126510620117188,
        -0.032903242856264114,
        -0.33606147766113281,
        0,
        0.22510455548763275,
        0.80297333002090454,
        0.55187118053436279,
        0,
        0.25169003009796143,
        -0.59510606527328491,
        0.76321744918823242,
        0,
        -0.082597918808460236,
        0.21702420711517334,
        0.31229045987129211,
        1
      ]
    },
    {
      "imageFile" : "images\/frame_0054.jpg",
      "index" : 54,
      "timestamp" : 27.165592333301902,
      "transform" : [
        0.9689638614654541,
        -0.022604946047067642,
        -0.24616679549217224,
        0,
        0.1691359281539917,
        0.78686255216598511,
        0.5934983491897583,
        0,
        0.18028342723846436,
        -0.61671406030654907,
        0.76626467704772949,
        0,
        -0.06445620208978653,
        0.22589421272277832,
        0.31317880749702454,
        1
      ]
    },
    {
      "imageFile" : "images\/frame_0055.jpg",
      "index" : 55,
      "timestamp" : 27.665675916301552,
      "transform" : [
        0.98746597766876221,
        -0.023118237033486366,
        -0.15613007545471191,
        0,
        0.1143830344080925,
        0.78644061088562012,
        0.60698246955871582,
        0,
        0.10875466465950012,
        -0.61723309755325317,
        0.77922755479812622,
        0,
        -0.044726550579071045,
        0.23108047246932983,
        0.31117692589759827,
        1
      ]
    },
    {
      "imageFile" : "images\/frame_0056.jpg",
      "index" : 56,
      "timestamp" : 28.165759583323961,
      "transform" : [
        0.99742478132247925,
        -0.039850477129220963,
        -0.059631295502185822,
        0,
        0.0680675208568573,
        0.78795671463012695,
        0.61195677518844604,
        0,
        0.022600112482905388,
        -0.61443972587585449,
        0.78864002227783203,
        0,
        -0.02635219506919384,
        0.23251838982105255,
        0.30993008613586426,
        1.0000001192092896
      ]
    },
    {
      "imageFile" : "images\/frame_0057.jpg",
      "index" : 57,
      "timestamp" : 28.665843208320439,
      "transform" : [
        0.9981389045715332,
        -0.050436489284038544,
        0.034277379512786865,
        0,
        0.018695421516895294,
        0.78811311721801758,
        0.61524653434753418,
        0,
        -0.058045323938131332,
        -0.61346060037612915,
        0.78758931159973145,
        0,
        -0.011656914837658405,
        0.23393335938453674,
        0.30699235200881958,
        0.99999994039535522
      ]
    },
    {
      "imageFile" : "images\/frame_0058.jpg",
      "index" : 58,
      "timestamp" : 29.165926916321041,
      "transform" : [
        0.99036586284637451,
        -0.057801961898803711,
        0.12583532929420471,
        0,
        -0.032983489334583282,
        0.7840961217880249,
        0.61976242065429688,
        0,
        -0.1344904899597168,
        -0.61794197559356689,
        0.7746354341506958,
        0,
        -0.0020000338554382324,
        0.23829337954521179,
        0.30272477865219116,
        1
      ]
    },
    {
      "imageFile" : "images\/frame_0059.jpg",
      "index" : 59,
      "timestamp" : 29.666010541317519,
      "transform" : [
        0.97779631614685059,
        -0.06930968165397644,
        0.1977640837430954,
        0,
        -0.067461632192134857,
        0.78937286138534546,
        0.61019629240036011,
        0,
        -0.19840209186077118,
        -0.60998910665512085,
        0.7671700119972229,
        0,
        0.016164816915988922,
        0.24126431345939636,
        0.30321419239044189,
        1
      ]
    },
    {
      "imageFile" : "images\/frame_0060.jpg",
      "index" : 60,
      "timestamp" : 30.166094208310824,
      "transform" : [
        0.95662999153137207,
        -0.079553790390491486,
        0.28023245930671692,
        0,
        -0.10721752792596817,
        0.79830342531204224,
        0.59263491630554199,
        0,
        -0.27085688710212708,
        -0.59697818756103516,
        0.75515145063400269,
        0,
        0.037400282919406891,
        0.24443233013153076,
        0.30160939693450928,
        1
      ]
    },
    {
      "imageFile" : "images\/frame_0061.jpg",
      "index" : 61,
      "timestamp" : 30.666177874314599,
      "transform" : [
        0.9239540696144104,
        -0.086266681551933289,
        0.37264847755432129,
        0,
        -0.1506868302822113,
        0.81335997581481934,
        0.56190651655197144,
        0,
        -0.35157117247581482,
        -0.5753290057182312,
        0.73850804567337036,
        0,
        0.057692378759384155,
        0.24708369374275208,
        0.28808093070983887,
        1
      ]
    },
    {
      "imageFile" : "images\/frame_0062.jpg",
      "index" : 62,
      "timestamp" : 31.166261624312028,
      "transform" : [
        0.89403092861175537,
        -0.088980145752429962,
        0.43908011913299561,
        0,
        -0.17692519724369049,
        0.83028936386108398,
        0.52850461006164551,
        0,
        -0.41158995032310486,
        -0.55018371343612671,
        0.72656148672103882,
        0,
        0.072407916188240051,
        0.24429360032081604,
        0.28482404351234436,
        0.99999994039535522
      ]
    },
    {
      "imageFile" : "images\/frame_0063.jpg",
      "index" : 63,
      "timestamp" : 31.666345333302161,
      "transform" : [
        0.87045645713806152,
        -0.083804957568645477,
        0.48505896329879761,
        0,
        -0.19310015439987183,
        0.84828019142150879,
        0.49308517575263977,
        0,
        -0.45278891921043396,
        -0.52287411689758301,
        0.72220832109451294,
        0,
        0.083370201289653778,
        0.24006032943725586,
        0.28304293751716614,
        1
      ]
    }
  ]
}