{
  "frames": [
    {
      "imageFile": "images/frame_0000.jpg",
      "index": 0,
      "timestamp": 1.0730616659857333,
      "transform": [
        0.9999956488609314,
        -0.0026196124963462353,
        0.0013368299696594477,
        0,
        0.0029299522284418344,
        0.8480084538459778,
        -0.5299744606018066,
        0,
        0.00025468398234806955,
        0.5299760699272156,
        0.8480125069618225,
        0,
        -0.000000007450581,
        0,
        -0.00000000372529,
        0.9999999403953552
      ]
    },
    {
      "imageFile": "images/frame_0001.jpg",
      "index": 1,
      "timestamp": 1.5731446249701548,
      "transform": [
        0.9999947547912598,
        -0.003222070401534438,
        0.0004498772614169866,
        0,
        0.002967231906950474,
        0.8465909361839294,
        -0.532235860824585,
        0,
        0.001334039494395256,
        0.5322343707084656,
        0.8465960025787354,
        0,
        -0.000051833689213,
        0.0007062777876853943,
        -0.00020113959908485413,
        0.9999999403953552
      ]
    },
    {
      "imageFile": "images/frame_0002.jpg",
      "index": 2,
      "timestamp": 2.0732274999900255,
      "transform": [
        0.9999781250953674,
        -0.006163644138723612,
        -0.002417905954644084,
        0,
        0.0040387436747550964,
        0.8572317361831665,
        -0.5149149298667908,
        0,
        0.005246458575129509,
        0.5148939490318298,
        0.8572378754615784,
        0,
        -0.00450076162815094,
        0.011807695031166077,
        0.007090747356414795,
        0.9999999403953552
      ]
    },
    {
      "imageFile": "images/frame_0003.jpg",
      "index": 3,
      "timestamp": 2.573310457984917,
      "transform": [
        0.9998353719711304,
        -0.010005941614508629,
        -0.01513663399964571,
        0,
        0.0011666627833619714,
        0.8679342865943909,
        -0.4966776967048645,
        0,
        0.018107334151864052,
        0.49657827615737915,
        0.8678030967712402,
        0,
        -0.012379392981529236,
        0.032035939395427704,
        0.02383296936750412,
        0.9999999403953552
      ]
    },
    {
      "imageFile": "images/frame_0004.jpg",
      "index": 4,
      "timestamp": 3.0733933329756837,
      "transform": [
        0.9995579123497009,
        -0.0086625125259161,
        -0.028441932052373886,
        0,
        -0.0064296661876142025,
        0.8709995150566101,
        -0.4912419617176056,
        0,
        0.02902830019593239,
        0.49120762944221497,
        0.8705587387084961,
        0,
        -0.019118614494800568,
        0.04169183224439621,
        0.03460521623492241,
        0.9999999403953552
      ]
    },
    {
      "imageFile": "images/frame_0005.jpg",
      "index": 5,
      "timestamp": 3.5734761659696233,
      "transform": [
        0.9988154768943787,
        -0.007241314277052879,
        -0.04811675846576691,
        0,
        -0.016100488603115082,
        0.8839783668518066,
        -0.4672505259513855,
        0,
        0.045917678624391556,
        0.46747177839279175,
        0.8828147053718567,
        0,
        -0.027655646204948425,
        0.05773276090621948,
        0.050633929669857025,
        0.9999999403953552
      ]
    },
    {
      "imageFile": "images/frame_0006.jpg",
      "index": 6,
      "timestamp": 4.073559124983149,
      "transform": [
        0.9972462058067322,
        -0.010874669998884201,
        -0.07335951179265976,
        0,
        -0.023436417803168297,
        0.8922847509384155,
        -0.4508642852306366,
        0,
        0.07036057859659195,
        0.45134198665618896,
        0.88957279920578,
        0,
        -0.03490964323282242,
        0.07231752574443817,
        0.06715544313192368,
        0.9999999403953552
      ]
    },
    {
      "imageFile": "images/frame_0007.jpg",
      "index": 7,
      "timestamp": 4.573642124974867,
      "transform": [
        0.9964276552200317,
        -0.011798171326518059,
        -0.08362327516078949,
        0,
        -0.02534341998398304,
        0.9027803540229797,
        -0.42935457825660706,
        0,
        0.08055904507637024,
        0.42994004487991333,
        0.8992562294006348,
        0,
        -0.04039128124713898,
        0.08956696093082428,
        0.08603505790233612,
        0.9999999403953552
      ]
    },
    {
      "imageFile": "images/frame_0008.jpg",
      "index": 8,
      "timestamp": 5.073725082969759,
      "transform": [
        0.9947826862335205,
        -0.017175382003188133,
        -0.10056038945913315,
        0,
        -0.024154886603355408,
        0.9180414080619812,
        -0.39574798941612244,
        0,
        0.09911572188138962,
        0.3961122930049896,
        0.9128368496894836,
        0,
        -0.046388790011405945,
        0.10784697532653809,
        0.10533753037452698,
        0.9999999403953552
      ]
    },
    {
      "imageFile": "images/frame_0009.jpg",
      "index": 9,
      "timestamp": 5.573808040993754,
      "transform": [
        0.990917980670929,
        -0.020476331934332848,
        -0.13289956748485565,
        0,
        -0.030477628111839294,
        0.9284161329269409,
        -0.37029004096984863,
        0,
        0.13096827268600464,
        0.370977520942688,
        0.9193601012229919,
        0,
        -0.058647025376558304,
        0.123466856777668,
        0.12178342044353485,
        0.9999998807907104
      ]
    },
    {
      "imageFile": "images/frame_0010.jpg",
      "index": 10,
      "timestamp": 6.073890999978175,
      "transform": [
        0.9863073825836182,
        -0.026524337008595467,
        -0.16276997327804565,
        0,
        -0.03234861046075821,
        0.9366921782493591,
        -0.34865647554397583,
        0,
        0.16171325743198395,
        0.34914785623550415,
        0.9230084419250488,
        0,
        -0.07242009043693542,
        0.13692966103553772,
        0.13974890112876892,
        0.9999999403953552
      ]
    },
    {
      "imageFile": "images/frame_0011.jpg",
      "index": 11,
      "timestamp": 6.5739740829740185,
      "transform": [
        0.9760006070137024,
        -0.029621126130223274,
        -0.2157438099384308,
        0,
        -0.039704494178295135,
        0.9498950242996216,
        -0.3100370168685913,
        0,
        0.2141176164150238,
        0.3111623525619507,
        0.9259220361709595,
        0,
        -0.08677299320697784,
        0.15215221047401428,
        0.1612149029970169,
        0.9999999403953552
      ]
    },
    {
      "imageFile": "images/frame_0012.jpg",
      "index": 12,
      "timestamp": 7.074057165969862,
      "transform": [
        0.9579858779907227,
        -0.04569821432232857,
        -0.2831517457962036,
        0,
        -0.030812514945864677,
        0.9651144742965698,
        -0.26000887155532837,
        0,
        0.2851557731628418,
        0.25780943036079407,
        0.9231578707695007,
        0,
        -0.10535913705825806,
        0.18012984097003937,
        0.1828927844762802,
        0.9999999403953552
      ]
    },
    {
      "imageFile": "images/frame_0013.jpg",
      "index": 13,
      "timestamp": 7.574140165990684,
      "transform": [
        0.9327731132507324,
        -0.049719009548425674,
        -0.35701876878738403,
        0,
        -0.026270203292369843,
        0.9784317016601562,
        -0.20489341020584106,
        0,
        0.3595055937767029,
        0.20049799978733063,
        0.9113486409187317,
        0,
        -0.12119098007678986,
        0.20904414355754852,
        0.2234906405210495,
        0.9999999403953552
      ]
    },
    {
      "imageFile": "images/frame_0014.jpg",
      "index": 14,
      "timestamp": 8.074223249976058,
      "transform": [
        0.9158709049224854,
        -0.0686827078461647,
        -0.3955542743206024,
        0,
        0.00633014552295208,
        0.9876056909561157,
        -0.1568276286125183,
        0,
        0.40142297744750977,
        0.14112994074821472,
        0.9049540758132935,
        0,
        -0.11888191103935242,
        0.24065335094928741,
        0.26770874857902527,
        0.9999999403953552
      ]
    },
    {
      "imageFile": "images/frame_0015.jpg",
      "index": 15,
      "timestamp": 8.574306374968728,
      "transform": [
        0.8998785614967346,
        -0.07119905948638916,
        -0.43028977513313293,
        0,
        0.03198619931936264,
        0.9947020411491394,
        -0.09769731014966965,
        0,
        0.4349660575389862,
        0.074152372777462,
        0.8973883986473083,
        0,
        -0.10147407650947571,
        0.275543212890625,
        0.2991896867752075,
        0.9999999403953552
      ]
    },
    {
      "imageFile": "images/frame_0016.jpg",
      "index": 16,
      "timestamp": 9.074389457993675,
      "transform": [
        0.8646830916404724,
        -0.07299184799194336,
        -0.4969862401485443,
        0,
        0.05315849930047989,
        0.997127115726471,
        -0.053959038108587265,
        0,
        0.4994969666004181,
        0.020238429307937622,
        0.8660792112350464,
        0,
        -0.10553564876317978,
        0.3012751042842865,
        0.33001887798309326,
        0.9999998211860657
      ]
    },
    {
      "imageFile": "images/frame_0017.jpg",
      "index": 17,
      "timestamp": 9.574472540989518,
      "transform": [
        0.7983618974685669,
        -0.06907140463590622,
        -0.5982036590576172,
        0,
        0.07095412909984589,
        0.997269868850708,
        -0.020454172044992447,
        0,
        0.597983181476593,
        -0.026115186512470245,
        0.8010830879211426,
        0,
        -0.11486893892288208,
        0.32096654176712036,
        0.3704341650009155,
        0.9999999403953552
      ]
    },
    {
      "imageFile": "images/frame_0018.jpg",
      "index": 18,
      "timestamp": 10.074555624974892,
      "transform": [
        0.7399930357933044,
        -0.0553353950381279,
        -0.67033451795578,
        0,
        0.0695180892944336,
        0.997564971446991,
        -0.005605780053883791,
        0,
        0.6690123677253723,
        -0.0424521341919899,
        0.7420379519462585,
        0,
        -0.12938274443149567,
        0.3248862028121948,
        0.40327924489974976,
        0.9999998807907104
      ]
    },
    {
      "imageFile": "images/frame_0019.jpg",
      "index": 19,
      "timestamp": 10.57463879097486,
      "transform": [
        0.7048242688179016,
        -0.03726824000477791,
        -0.7084023356437683,
        0,
        0.04027199372649193,
        0.9991106390953064,
        -0.012493493966758251,
        0,
        0.708237886428833,
        -0.01972305402159691,
        0.7056982517242432,
        0,
        -0.1541406363248825,
        0.3167813718318939,
        0.42490506172180176,
        0.9999998807907104
      ]
    },
    {
      "imageFile": "images/frame_0020.jpg",
      "index": 20,
      "timestamp": 11.07472195799346,
      "transform": [
        0.6987205743789673,
        -0.0008016018546186388,
        -0.7153941988945007,
        0,
        -0.009618785232305527,
        0.9998984336853027,
        -0.01051499042659998,
        0,
        0.7153300046920776,
        0.01422826386988163,
        0.6986419558525085,
        0,
        -0.20289723575115204,
        0.29853355884552,
        0.45282694697380066,
        0.9999999403953552
      ]
    },
    {
      "imageFile": "images/frame_0021.jpg",
      "index": 21,
      "timestamp": 11.574805082986131,
      "transform": [
        0.7133028507232666,
        0.03718351572751999,
        -0.6998688578605652,
        0,
        -0.06511543691158295,
        0.9977883696556091,
        -0.01335357129573822,
        0,
        0.6978244781494141,
        0.05509740859270096,
        0.7141464948654175,
        0,
        -0.2585025429725647,
        0.2737342119216919,
        0.47262346744537354,
        0.9999999403953552
      ]
    },
    {
      "imageFile": "images/frame_0022.jpg",
      "index": 22,
      "timestamp": 12.074888332979754,
      "transform": [
        0.7075101137161255,
        0.06300252676010132,
        -0.7038893103599548,
        0,
        -0.13102300465106964,
        0.9904443025588989,
        -0.04304596036672592,
        0,
        0.6944511532783508,
        0.1226811334490776,
        0.7090041637420654,
        0,
        -0.31094175577163696,
        0.24138276278972626,
        0.4812105894088745,
        0.9999999403953552
      ]
    },
    {
      "imageFile": "images/frame_0023.jpg",
      "index": 23,
      "timestamp": 12.574971582973376,
      "transform": [
        0.6938518285751343,
        0.07006056606769562,
        -0.7167015075683594,
        0,
        -0.19186216592788696,
        0.9772667288780212,
        -0.0902133584022522,
        0,
        0.6940881609916687,
        0.20010261237621307,
        0.6915203928947449,
        0,
        -0.3517377972602844,
        0.20581673085689545,
        0.48168087005615234,
        0.9999998807907104
      ]
    },
    {
      "imageFile": "images/frame_0024.jpg",
      "index": 24,
      "timestamp": 13.07505479097017,
      "transform": [
        0.6801756620407104,
        0.06752806156873703,
        -0.7299322485923767,
        0,
        -0.2665421664714813,
        0.9503738880157471,
        -0.16045129299163818,
        0,
        0.6828736066818237,
        0.3036927580833435,
        0.6644202470779419,
        0,
        -0.38610875606536865,
        0.16248667240142822,
        0.47718968987464905,
        0.9999999403953552
      ]
    },
    {
      "imageFile": "images/frame_0025.jpg",
      "index": 25,
      "timestamp": 13.5751379999856,
      "transform": [
        0.650388777256012,
        0.05323205143213272,
        -0.757733941078186,
        0,
        -0.3168099820613861,
        0.9256477355957031,
        -0.206900492310524,
        0,
        0.6903809905052185,
        0.3746234178543091,
        0.6188953518867493,
        0,
        -0.4006144404411316,
        0.13035836815834045,
        0.46925586462020874,
        0.9999999403953552
      ]
    },
    {
      "imageFile": "images/frame_0026.jpg",
      "index": 26,
      "timestamp": 14.075221165985567,
      "transform": [
        0.6252492070198059,
        0.057528056204319,
        -0.778302013874054,
        0,
        -0.40300503373146057,
        0.8778231143951416,
        -0.25887003540992737,
        0,
        0.6683192253112793,
        0.4755178689956665,
        0.5720421671867371,
        0,
        -0.4106050133705139,
        0.07973264157772064,
        0.45692309737205505,
        0.9999999403953552
      ]
    },
    {
      "imageFile": "images/frame_0027.jpg",
      "index": 27,
      "timestamp": 14.57530441597919,
      "transform": [
        0.5860731601715088,
        0.049481961876153946,
        -0.8087458610534668,
        0,
        -0.49665823578834534,
        0.8105756044387817,
        -0.31031903624534607,
        0,
        0.6401944756507874,
        0.5835399031639099,
        0.49963220953941345,
        0,
        -0.40472954511642456,
        0.03485233336687088,
        0.45766207575798035,
        0.9999999403953552
      ]
    },
    {
      "imageFile": "images/frame_0028.jpg",
      "index": 28,
      "timestamp": 15.07538770796964,
      "transform": [
        0.5685883164405823,
        0.0538267083466053,
        -0.8208593130111694,
        0,
        -0.5526421666145325,
        0.764134407043457,
        -0.33269408345222473,
        0,
        0.6093389987945557,
        0.6428074240684509,
        0.46422475576400757,
        0,
        -0.39528340101242065,
        0.0025764182209968567,
        0.4670617878437042,
        0.9999999403953552
      ]
    },
    {
      "imageFile": "images/frame_0029.jpg",
      "index": 29,
      "timestamp": 15.575470957992366,
      "transform": [
        0.5257279276847839,
        0.05733589082956314,
        -0.8487184047698975,
        0,
        -0.6223517060279846,
        0.7060911655426025,
        -0.3378073275089264,
        0,
        0.5799040198326111,
        0.7057960629463196,
        0.4068949222564697,
        0,
        -0.38906967639923096,
        -0.021958574652671814,
        0.4798608720302582,
        0.9999999403953552
      ]
    },
    {
      "imageFile": "images/frame_0030.jpg",
      "index": 30,
      "timestamp": 16.075554124981863,
      "transform": [
        0.4380110800266266,
        0.044122155755758286,
        -0.8978860974311829,
        0,
        -0.7002499103546143,
        0.643079400062561,
        -0.3099982738494873,
        0,
        0.5637344121932983,
        0.7645273804664612,
        0.3125724494457245,
        0,
        -0.3764019012451172,
        -0.04548019915819168,
        0.5155653357505798,
        0.9999999403953552
      ]
    },
    {
      "imageFile": "images/frame_0031.jpg",
      "index": 31,
      "timestamp": 16.575637374975486,
      "transform": [
        0.34779030084609985,
        0.011977188289165497,
        -0.937495768070221,
        0,
        -0.6877868175506592,
        0.6828039288520813,
        -0.246430441737175,
        0,
        0.6371743083000183,
        0.7305033802986145,
        0.2457103282213211,
        0,
        -0.36728280782699585,
        -0.021626537665724754,
        0.5609821677207947,
        0.9999998211860657
      ]
    },
    {
      "imageFile": "images/frame_0032.jpg",
      "index": 32,
      "timestamp": 17.075720499968156,
      "transform": [
        0.26986682415008545,
        -0.013653839938342571,
        -0.9628008008003235,
        0,
        -0.6132383942604065,
        0.7684584856033325,
        -0.1827845573425293,
        0,
        0.7423682808876038,
        0.6397539377212524,
        0.19900842010974884,
        0,
        -0.3508833050727844,
        0.027900174260139465,
        0.5977842211723328,
        0.9999999403953552
      ]
    },
    {
      "imageFile": "images/frame_0033.jpg",
      "index": 33,
      "timestamp": 17.575803749990882,
      "transform": [
        0.22072851657867432,
        -0.01571923866868019,
        -0.9752085208892822,
        0,
        -0.5306310653686523,
        0.8370084166526794,
        -0.1335945576429367,
        0,
        0.8183578252792358,
        0.546964168548584,
        0.176410511136055,
        0,
        -0.33056971430778503,
        0.07486986368894577,
        0.6167266368865967,
        0.9999998211860657
      ]
    },
    {
      "imageFile": "images/frame_0034.jpg",
      "index": 34,
      "timestamp": 18.075886999984505,
      "transform": [
        0.18500013649463654,
        -0.03403279185295105,
        -0.9821490049362183,
        0,
        -0.44570639729499817,
        0.8877981901168823,
        -0.11471782624721527,
        0,
        0.8758543729782104,
        0.4589729309082031,
        0.14907415211200714,
        0,
        -0.3062143325805664,
        0.11749264597892761,
        0.6175690293312073,
        0.9999999403953552
      ]
    },
    {
      "imageFile": "images/frame_0035.jpg",
      "index": 35,
      "timestamp": 18.575970290985424,
      "transform": [
        0.16460342705249786,
        -0.040249548852443695,
        -0.9855383038520813,
        0,
        -0.377231627702713,
        0.9206384420394897,
        -0.10060380399227142,
        0,
        0.9113736748695374,
        0.3883359432220459,
        0.13635684549808502,
        0,
        -0.2846692204475403,
        0.1515832394361496,
        0.6194495558738708,
        0.9999999403953552
      ]
    },
    {
      "imageFile": "images/frame_0036.jpg",
      "index": 36,
      "timestamp": 19.076053457974922,
      "transform": [
        0.13541167974472046,
        -0.04263826087117195,
        -0.9898715019226074,
        0,
        -0.30582135915756226,
        0.948491096496582,
        -0.08269134163856506,
        0,
        0.9424101710319519,
        0.3139212131500244,
        0.11539708822965622,
        0,
        -0.2619447708129883,
        0.1873461753129959,
        0.6274862885475159,
        0.9999999403953552
      ]
    },
    {
      "imageFile": "images/frame_0037.jpg",
      "index": 37,
      "timestamp": 19.576136749994475,
      "transform": [
        0.11932873725891113,
        -0.04068674519658089,
        -0.992020845413208,
        0,
        -0.24011635780334473,
        0.9683173298835754,
        -0.06859781593084335,
        0,
        0.9633819460868835,
        0.2463861107826233,
        0.1057785376906395,
        0,
        -0.2449796348810196,
        0.20876561105251312,
        0.6245183944702148,
        0.9999999403953552
      ]
    },
    {
      "imageFile": "images/frame_0038.jpg",
      "index": 38,
      "timestamp": 20.07621995799127,
      "transform": [
        0.11161863058805466,
        -0.0491960234940052,
        -0.9925327301025391,
        0,
        -0.13275745511054993,
        0.9890830516815186,
        -0.06395472586154938,
        0,
        0.9848436117172241,
        0.1389046460390091,
        0.10386896133422852,
        0,
        -0.22188854217529297,
        0.2475081980228424,
        0.6196801066398621,
        1
      ]
    },
    {
      "imageFile": "images/frame_0039.jpg",
      "index": 39,
      "timestamp": 20.576303165988065,
      "transform": [
        0.10298440605401993,
        -0.0459996722638607,
        -0.9936187863349915,
        0,
        -0.03009858727455139,
        0.9983285069465637,
        -0.04933730512857437,
        0,
        0.9942275285720825,
        0.034987494349479675,
        0.10142774879932404,
        0,
        -0.19596447050571442,
        0.28083372116088867,
        0.6317483186721802,
        0.9999999403953552
      ]
    },
    {
      "imageFile": "images/frame_0040.jpg",
      "index": 40,
      "timestamp": 21.076386415981688,
      "transform": [
        0.09099120646715164,
        -0.03822756186127663,
        -0.9951177835464478,
        0,
        0.04613720253109932,
        0.9983517527580261,
        -0.034133121371269226,
        0,
        0.9947823882102966,
        -0.04280612990260124,
        0.09260495007038116,
        0,
        -0.1840347796678543,
        0.303022563457489,
        0.6438151597976685,
        0.9999999403953552
      ]
    },
    {
      "imageFile": "images/frame_0041.jpg",
      "index": 41,
      "timestamp": 21.576469749968965,
      "transform": [
        0.07526645064353943,
        -0.03123699128627777,
        -0.9966741800308228,
        0,
        0.1629793792963028,
        0.9864540100097656,
        -0.01860886812210083,
        0,
        0.9837543964385986,
        -0.16103670001029968,
        0.07933786511421204,
        0,
        -0.156540185213089,
        0.3314181864261627,
        0.64235520362854,
        1
      ]
    },
    {
      "imageFile": "images/frame_0042.jpg",
      "index": 42,
      "timestamp": 22.076553040969884,
      "transform": [
        0.09477118402719498,
        -0.05167826637625694,
        -0.9941567778587341,
        0,
        0.2818111777305603,
        0.9591943025588989,
        -0.022996295243501663,
        0,
        0.9547779560089111,
        -0.2779850959777832,
        0.10546749085187912,
        0,
        -0.14400433003902435,
        0.36552995443344116,
        0.6422422528266907,
        0.9999999403953552
      ]
    },
    {
      "imageFile": "images/frame_0043.jpg",
      "index": 43,
      "timestamp": 22.576636249985313,
      "transform": [
        0.09019003808498383,
        -0.04707704856991768,
        -0.9948112964630127,
        0,
        0.4217971861362457,
        0.9066781997680664,
        -0.004666047170758247,
        0,
        0.9021934270858765,
        -0.4191877841949463,
        0.10163029283285141,
        0,
        -0.15552420914173126,
        0.39991694688796997,
        0.6537066698074341,
        1
      ]
    },
    {
      "imageFile": "images/frame_0044.jpg",
      "index": 44,
      "timestamp": 23.076719540986232,
      "transform": [
        0.1424703747034073,
        -0.09143147617578506,
        -0.9855670928955078,
        0,
        0.5324676632881165,
        0.8464489579200745,
        -0.0015536340652033687,
        0,
        0.8343742489814758,
        -0.5245612263679504,
        0.16927820444107056,
        0,
        -0.11312204599380493,
        0.43407583236694336,
        0.642652153968811,
        0.9999999403953552
      ]
    },
    {
      "imageFile": "images/frame_0045.jpg",
      "index": 45,
      "timestamp": 23.56013324999367,
      "transform": [
        0.21578896045684814,
        -0.12783703207969666,
        -0.9680355191230774,
        0,
        0.6350957155227661,
        0.7714125514030457,
        0.039700545370578766,
        0,
        0.7416794896125793,
        -0.6233620643615723,
        0.24765105545520782,
        0,
        -0.018503963947296143,
        0.46401411294937134,
        0.6245570778846741,
        0.9999999403953552
      ]
    },
    {
      "imageFile": "images/frame_0046.jpg",
      "index": 46,
      "timestamp": 24.06021649998729,
      "transform": [
        0.2676311135292053,
        -0.16204631328582764,
        -0.9497971534729004,
        0,
        0.6972038745880127,
        0.712958037853241,
        0.07481726258993149,
        0,
        0.6650416254997253,
        -0.6822256445884705,
        0.30378907918930054,
        0,
        0.04557345062494278,
        0.4792881906032562,
        0.6099032759666443,
        0.9999998807907104
      ]
    },
    {
      "imageFile": "images/frame_0047.jpg",
      "index": 47,
      "timestamp": 24.56029979098821,
      "transform": [
        0.3390747606754303,
        -0.20008453726768494,
        -0.91923588514328,
        0,
        0.7318509817123413,
        0.6700688004493713,
        0.12410500645637512,
        0,
        0.5911198258399963,
        -0.7148244380950928,
        0.3736354410648346,
        0,
        0.08947224915027618,
        0.4849177598953247,
        0.5930060744285583,
        1
      ]
    },
    {
      "imageFile": "images/frame_0048.jpg",
      "index": 48,
      "timestamp": 25.060382999974536,
      "transform": [
        0.37835797667503357,
        -0.2466840296983719,
        -0.8921839594841003,
        0,
        0.7452661991119385,
        0.6528444290161133,
        0.1355450600385666,
        0,
        0.549020528793335,
        -0.7161991000175476,
        0.4308541715145111,
        0,
        0.1006760522723198,
        0.4804545044898987,
        0.5764738321304321,
        0.9999999403953552
      ]
    },
    {
      "imageFile": "images/frame_0049.jpg",
      "index": 49,
      "timestamp": 25.560466290975455,
      "transform": [
        0.36706531047821045,
        -0.24529209733009338,
        -0.8972707986831665,
        0,
        0.7746631503105164,
        0.6145960688591003,
        0.14889197051525116,
        0,
        0.5149370431900024,
        -0.7497357130050659,
        0.41561561822891235,
        0,
        0.09989336878061295,
        0.4916936755180359,
        0.6036612391471863,
        1
      ]
    },
    {
      "imageFile": "images/frame_0050.jpg",
      "index": 50,
      "timestamp": 26.060549540969077,
      "transform": [
        0.30667412281036377,
        -0.18190471827983856,
        -0.9342706799507141,
        0,
        0.8274028301239014,
        0.5361404418945312,
        0.16720691323280334,
        0,
        0.47048452496528625,
        -0.8242961168289185,
        0.3149288594722748,
        0,
        0.11995583772659302,
        0.49387919902801514,
        0.6598992347717285,
        0.9999999403953552
      ]
    },
    {
      "imageFile": "images/frame_0051.jpg",
      "index": 51,
      "timestamp": 26.560632915992755,
      "transform": [
        0.15944336354732513,
        -0.0965719223022461,
        -0.9824722409248352,
        0,
        0.8618889451026917,
        0.4988950788974762,
        0.090835340321064,
        0,
        0.481378436088562,
        -0.8612651228904724,
        0.1627797931432724,
        0,
        0.14107222855091095,
        0.48296117782592773,
        0.7192531228065491,
        0.9999999403953552
      ]
    },
    {
      "imageFile": "images/frame_0052.jpg",
      "index": 52,
      "timestamp": 27.060716082982253,
      "transform": [
        0.03389256075024605,
        -0.010180572979152203,
        -0.9993736147880554,
        0,
        0.8430441617965698,
        0.5373473763465881,
        0.02311689779162407,
        0,
        0.5367754697799683,
        -0.8432996273040771,
        0.02679475210607052,
        0,
        0.13899415731430054,
        0.4748474955558777,
        0.7908721566200256,
        0.9999999403953552
      ]
    },
    {
      "imageFile": "images/frame_0053.jpg",
      "index": 53,
      "timestamp": 27.56079929097905,
      "transform": [
        -0.08865199983119965,
        0.04866359755396843,
        -0.9948731660842896,
        0,
        0.7979260087013245,
        0.6013120412826538,
        -0.04168945923447609,
        0,
        0.5962004661560059,
        -0.7975310683250427,
        -0.09213745594024658,
        0,
        0.11936283111572266,
        0.464535117149353,
        0.8399910926818848,
        0.9999999403953552
      ]
    },
    {
      "imageFile": "images/frame_0054.jpg",
      "index": 54,
      "timestamp": 28.06088262499543,
      "transform": [
        -0.20468966662883759,
        0.07825842499732971,
        -0.9756934642791748,
        0,
        0.7216044664382935,
        0.6855615377426147,
        -0.09639707207679749,
        0,
        0.6613540649414062,
        -0.7237961888313293,
        -0.19679898023605347,
        0,
        0.0906776636838913,
        0.4592573642730713,
        0.869386613368988,
        0.9999999403953552
      ]
    },
    {
      "imageFile": "images/frame_0055.jpg",
      "index": 55,
      "timestamp": 28.560965790995397,
      "transform": [
        -0.35619431734085083,
        0.07773391902446747,
        -0.9311729669570923,
        0,
        0.605522632598877,
        0.7781808972358704,
        -0.16666364669799805,
        0,
        0.7116655111312866,
        -0.6232109069824219,
        -0.32425323128700256,
        0,
        0.07477142661809921,
        0.4451286792755127,
        0.9017513990402222,
        0.9999999403953552
      ]
    },
    {
      "imageFile": "images/frame_0056.jpg",
      "index": 56,
      "timestamp": 29.061048957984895,
      "transform": [
        -0.4568307101726532,
        0.05155637115240097,
        -0.8880583047866821,
        0,
        0.4710979461669922,
        0.8608502745628357,
        -0.19236314296722412,
        0,
        0.7545676827430725,
        -0.5062398314476013,
        -0.4175508916378021,
        0,
        0.043905109167099,
        0.4244094491004944,
        0.9241099953651428,
        0.9999999403953552
      ]
    },
    {
      "imageFile": "images/frame_0057.jpg",
      "index": 57,
      "timestamp": 29.56113233297947,
      "transform": [
        -0.4940372109413147,
        0.043801236897706985,
        -0.8683367371559143,
        0,
        0.3564468324184418,
        0.9211434721946716,
        -0.15633425116539001,
        0,
        0.7930150032043457,
        -0.3867507874965668,
        -0.470691978931427,
        0,
        0.01733897253870964,
        0.3970797657966614,
        0.9612640738487244,
        0.9999999403953552
      ]
    },
    {
      "imageFile": "images/frame_0058.jpg",
      "index": 58,
      "timestamp": 30.06121562496992,
      "transform": [
        -0.5071290135383606,
        0.0068504828959703445,
        -0.8618429899215698,
        0,
        0.19527843594551086,
        0.9748762249946594,
        -0.10715754330158234,
        0,
        0.8394561409950256,
        -0.22264204919338226,
        -0.49572572112083435,
        0,
        -0.03276289999485016,
        0.3625306487083435,
        0.9931968450546265,
        0.9999999403953552
      ]
    },
    {
      "imageFile": "images/frame_0059.jpg",
      "index": 59,
      "timestamp": 30.561298957967665,
      "transform": [
        -0.5212240219116211,
        -0.02578389272093773,
        -0.8530303239822388,
        0,
        0.05797120928764343,
        0.9961650967597961,
        -0.06553225219249725,
        0,
        0.8514487147331238,
        -0.08360818773508072,
        -0.5177304148674011,
        0,
        -0.06816547363996506,
        0.3219456672668457,
        1.0093423128128052,
        0.9999998807907104
      ]
    },
    {
      "imageFile": "images/frame_0060.jpg",
      "index": 60,
      "timestamp": 31.06138220799039,
      "transform": [
        -0.5239992737770081,
        -0.04540812596678734,
        -0.850507378578186,
        0,
        -0.09846563637256622,
        0.995111882686615,
        0.007536397315561771,
        0,
        0.8460077047348022,
        0.08769481629133224,
        -0.5259090662002563,
        0,
        -0.096370629966259,
        0.27658745646476746,
        1.0317531824111938,
        0.9999998807907104
      ]
    },
    {
      "imageFile": "images/frame_0061.jpg",
      "index": 61,
      "timestamp": 31.561465415987186,
      "transform": [
        -0.5124524235725403,
        -0.06136984005570412,
        -0.856519877910614,
        0,
        -0.23016801476478577,
        0.9707614779472351,
        0.06815331429243088,
        0,
        0.827293872833252,
        0.23206877708435059,
        -0.5115943551063538,
        0,
        -0.12758542597293854,
        0.23371945321559906,
        1.04043447971344,
        0.9999998807907104
      ]
    },
    {
      "imageFile": "images/frame_0062.jpg",
      "index": 62,
      "timestamp": 32.06154879098176,
      "transform": [
        -0.4699089825153351,
        -0.08892660588026047,
        -0.8782241344451904,
        0,
        -0.39864155650138855,
        0.9090560674667358,
        0.12125146389007568,
        0,
        0.7875726222991943,
        0.4070737957954407,
        -0.4626234471797943,
        0,
        -0.16562040150165558,
        0.1636866182088852,
        1.0426467657089233,
        1
      ]
    },
    {
      "imageFile": "images/frame_0063.jpg",
      "index": 63,
      "timestamp": 32.561631999968085,
      "transform": [
        -0.44910818338394165,
        -0.08858074992895126,
        -0.8890755772590637,
        0,
        -0.48078763484954834,
        0.862682580947876,
        0.15691420435905457,
        0,
        0.7530903816223145,
        0.4979279637336731,
        -0.4300263226032257,
        0,
        -0.1716783195734024,
        0.12424692511558533,
        1.0457494258880615,
        0.9999999403953552
      ]
    },
    {
      "imageFile": "images/frame_0064.jpg",
      "index": 64,
      "timestamp": 33.061715457966784,
      "transform": [
        -0.4089198410511017,
        -0.0926864817738533,
        -0.9078512191772461,
        0,
        -0.582652747631073,
        0.792180597782135,
        0.18156485259532928,
        0,
        0.7023534774780273,
        0.6032074689865112,
        -0.37794241309165955,
        0,
        -0.19443990290164948,
        0.06793636083602905,
        1.0262930393218994,
        0.9999999403953552
      ]
    },
    {
      "imageFile": "images/frame_0065.jpg",
      "index": 65,
      "timestamp": 33.56179874998634,
      "transform": [
        -0.33868592977523804,
        -0.09453251957893372,
        -0.9361385703086853,
        0,
        -0.6943716406822205,
        0.6965124011039734,
        0.1808822602033615,
        0,
        0.6349329352378845,
        0.7112903594970703,
        -0.30153968930244446,
        0,
        -0.22001110017299652,
        0.01806926354765892,
        1.0024977922439575,
        0.9999998807907104
      ]
    },
    {
      "imageFile": "images/frame_0066.jpg",
      "index": 66,
      "timestamp": 34.06188204098726,
      "transform": [
        -0.26990148425102234,
        -0.08009693026542664,
        -0.9595507979393005,
        0,
        -0.7575294375419617,
        0.632825493812561,
        0.16025304794311523,
        0,
        0.5943924188613892,
        0.7701404690742493,
        -0.231476292014122,
        0,
        -0.2398063987493515,
        -0.017319858074188232,
        0.9755484461784363,
        0.9999999403953552
      ]
    },
    {
      "imageFile": "images/frame_0067.jpg",
      "index": 67,
      "timestamp": 34.56196524997358,
      "transform": [
        -0.13657066226005554,
        -0.07000117003917694,
        -0.9881539344787598,
        0,
        -0.8256762623786926,
        0.5592032670974731,
        0.07450082153081894,
        0,
        0.5473637580871582,
        0.8260699510574341,
        -0.13416904211044312,
        0,
        -0.26826196908950806,
        -0.04760099574923515,
        0.9037855267524719,
        0.9999998807907104
      ]
    },
    {
      "imageFile": "images/frame_0068.jpg",
      "index": 68,
      "timestamp": 35.0620485409745,
      "transform": [
        -0.020424816757440567,
        -0.0630127564072609,
        -0.9978036284446716,
        0,
        -0.8500686287879944,
        0.5264332294464111,
        -0.01584431529045105,
        0,
        0.5262754559516907,
        0.8478780388832092,
        -0.064317487180233,
        0,
        -0.282097727060318,
        -0.05933236703276634,
        0.8411902189254761,
        0.9999998211860657
      ]
    },
    {
      "imageFile": "images/frame_0069.jpg",
      "index": 69,
      "timestamp": 35.562131832994055,
      "transform": [
        0.06128811836242676,
        -0.051844965666532516,
        -0.9967727065086365,
        0,
        -0.8707731366157532,
        0.48533210158348083,
        -0.07878433167934418,
        0,
        0.4878503680229187,
        0.8727914094924927,
        -0.015400112606585026,
        0,
        -0.28853440284729004,
        -0.07416419684886932,
        0.7970748543739319,
        0.9999999403953552
      ]
    },
    {
      "imageFile": "images/frame_0070.jpg",
      "index": 70,
      "timestamp": 36.062215124984505,
      "transform": [
        0.1541033834218979,
        -0.040934402495622635,
        -0.9872064590454102,
        0,
        -0.8774125576019287,
        0.4537402093410492,
        -0.15577881038188934,
        0,
        0.45431193709373474,
        0.8901933431625366,
        0.03400654345750809,
        0,
        -0.2973814606666565,
        -0.08534705638885498,
        0.7491979002952576,
        0.9999999403953552
      ]
    },
    {
      "imageFile": "images/frame_0071.jpg",
      "index": 71,
      "timestamp": 36.56229837497813,
      "transform": [
        0.30251073837280273,
        -0.030326111242175102,
        -0.9526633620262146,
        0,
        -0.8479065299034119,
        0.4479716122150421,
        -0.2835063338279724,
        0,
        0.43536376953125,
        0.8935332298278809,
        0.10980251431465149,
        0,
        -0.30504992604255676,
        -0.08799654245376587,
        0.6726788878440857,
        0.9999998807907104
      ]
    },
    {
      "imageFile": "images/frame_0072.jpg",
      "index": 72,
      "timestamp": 37.062381665979046,
      "transform": [
        0.452570378780365,
        -0.015500284731388092,
        -0.8915939331054688,
        0,
        -0.7967555522918701,
        0.44197556376457214,
        -0.41211435198783875,
        0,
        0.40045061707496643,
        0.8968931436538696,
        0.1876751035451889,
        0,
        -0.29923397302627563,
        -0.09058451652526855,
        0.5925955772399902,
